VERSION
54
10
0
2
11
9
10.663784
15.145630
19.505617
1.000000 0.000000 0.000000 0.000000
0.000000 1.000000 0.000000 0.000000
0.000000 0.000000 1.000000 0.000000
0.000000 10.048543 0.000000 1.000000
12
20.533983
13
3
6.553401
1.000000 0.000000 0.000000 0.000000
0.000000 1.000000 0.000000 0.000000
0.000000 0.000000 1.000000 0.000000
0.253681 2.868424 -0.000000 1.000000
15
0
8.737867
45.155853
42.700771
0.096386
0.036145
8.300969
10.048543
3.812198
15.248792
1
1
0.000000 1.000000 0.000000 0.000000
-1.000000 0.000000 0.000000 0.000000
0.000000 0.000000 1.000000 0.000000
10.048543 15.248792 -0.000000 1.000000
4.886964
0
8.737867
45.155853
42.700771
0.096386
0.036145
8.300969
10.048543
3.812198
15.248792
1
1
0.000000 1.000000 0.000000 0.000000
-1.000000 0.000000 -0.000000 0.000000
0.000000 -0.000000 -1.000000 0.000000
10.048543 15.248792 0.000000 1.000000
4.886964
16
0
28.554451
23.198643
0.072289
0.036145
12.679718
-0.336351
0.228465
2.149704 -3.210116 5.281276 1.000000
10.922328
10.922328
0.000000
10.922328
5
3
0.607708 -0.442958 -0.659151 0.000000
0.613683 0.788743 0.035744 0.000000
0.504068 -0.426231 0.751161 0.000000
3.515572 -4.045669 -1.183300 1.000000
3.568268
3.958682
2.730582
3
0.962287 -0.158030 -0.221426 0.000000
-0.218499 0.035883 -0.975177 0.000000
0.162053 0.986782 -0.000000 0.000000
10.922328 -3.400036 0.000000 1.000000
4.064063
3.276699
3.276699
3
0.985445 -0.025022 -0.168144 0.000000
-0.168197 -0.000000 -0.985753 0.000000
0.024665 0.999687 -0.004209 0.000000
10.922328 -0.842798 0.000000 1.000000
4.620588
3.548186
3.822815
3
0.984877 0.052238 -0.165193 0.000000
-0.164962 -0.008750 -0.986261 0.000000
-0.052966 0.998596 -0.000000 0.000000
10.922328 1.748473 -0.000000 1.000000
3.892046
3.276699
3.276699
3
0.987368 0.091568 -0.129303 0.000000
-0.128750 -0.011940 -0.991605 0.000000
-0.092343 0.995727 -0.000000 0.000000
10.009542 3.876769 -0.847664 1.000000
3.513225
2.730582
2.730582
0
28.554451
23.198643
0.072289
0.036145
12.679718
-0.336351
0.228465
-2.149704 3.210116 5.281276 1.000000
10.922328
10.922328
0.000000
10.922328
5
3
0.607708 -0.442958 -0.659151 0.000000
0.613683 0.788743 0.035744 0.000000
0.504068 -0.426231 0.751161 0.000000
3.515572 -4.045669 -1.183300 1.000000
3.568268
3.958682
2.730582
3
0.962287 -0.158030 -0.221426 0.000000
-0.218499 0.035883 -0.975177 0.000000
0.162053 0.986782 -0.000000 0.000000
10.922328 -3.400036 0.000000 1.000000
4.064063
3.276699
3.276699
3
0.985445 -0.025022 -0.168144 0.000000
-0.168197 -0.000000 -0.985753 0.000000
0.024665 0.999687 -0.004209 0.000000
10.922328 -0.842798 0.000000 1.000000
4.620588
3.548186
3.822815
3
0.984877 0.052238 -0.165193 0.000000
-0.164962 -0.008750 -0.986261 0.000000
-0.052966 0.998596 -0.000000 0.000000
10.922328 1.748473 -0.000000 1.000000
3.892046
3.276699
3.276699
3
0.987368 0.091568 -0.129303 0.000000
-0.128750 -0.011940 -0.991605 0.000000
-0.092343 0.995727 -0.000000 0.000000
10.009542 3.876769 -0.847664 1.000000
3.513225
2.730582
2.730582
19
0
20
0
30
0
21
0
22
0
23
0
25
0
0
0
0
0
0
0
0
0
0
0
0.500000
0.500000
0.500000
0.500000
0.500000
0.500000
0.500000
0.500000
0.500000
0.500000
26
0
0
0
0
0
0
5
3
1
18
0.000000
31
0
1
32
0
33
0
0
17
501
11.359222
11.359222
503
15.145630
15.145630
15.145630
15.145630
15.145630
15.145630
506
26.213604
26.213604
26.213604
26.213604
2.730582
2.730582
2.730582
2.730582
2.730582
2.730582
3.276699
3.276699
3.276699
3.276699
3.276699
3.276699
3.822815
3.822815
3.548186
3.548186
3.822815
3.822815
3.276699
3.276699
3.276699
3.276699
3.276699
3.276699
2.730582
2.730582
2.730582
2.730582
2.730582
2.730582
12.679718
28.398058
21.844656
26.213604
26.213604
26.213604
26.213604
2.730582
2.730582
2.730582
2.730582
2.730582
2.730582
3.276699
3.276699
3.276699
3.276699
3.276699
3.276699
3.822815
3.822815
3.548186
3.548186
3.822815
3.822815
3.276699
3.276699
3.276699
3.276699
3.276699
3.276699
2.730582
2.730582
2.730582
2.730582
2.730582
2.730582
12.679718
28.398058
21.844656
505
43.689312
43.689312
43.907757
43.907757
3.035366
8.465639
40.000000
40.000000
40.000000
43.689312
43.689312
43.907757
43.907757
3.035366
8.465639
40.000000
40.000000
40.000000
500
20.533983
20.533983
19.004854
20.533983
21.844656
21.844656
8.737867
507
100
0.000000
0.000000
0.102938
0.994688
0.000000
0.000000
0.000000
3
-0.196552
-0.000000
-0.000000
0.000000 0.000000 0.000000 0.000000
0.000000
-0.422292 0.539220 -0.000002 1.000000
101
3
-0.440134
-0.000000
-0.000000
0.000000 0.000000 0.000000 0.000000
0.000001 0.000000 1.000000 0.000000
-0.000000 1.000000 0.000000 0.000000
-1.000000 -0.000000 0.000001 0.000000
0.000000 96.990646 0.000000 1.000000
108
0.000000 0.000000 0.000000 0.000000
0.000000 96.990646 0.000000 1.000000
-0.000000
0.707106
-0.000000
0.707107
102
-0.000000
-0.000000
0.000000
1.000000
0.000000
0.000000
0.000000
103
9
-0.172249
-0.000000
-0.000000
0.176817
-0.000000
-0.000000
0.176817
-0.000000
-0.000000
0.000000 0.000000 0.000000 0.000000
105
3.004580
0.300000
-0.005354
-0.043248
-0.010481
0.998995
0.000000
0.000000
0.000000
-0.120000
0.000000
0
0.000000
0.000000
86.990654 7.702599 -7.479518 1.000000
-16.217403 9.999992 -7.702572 1.000000
0.086521 -0.009790 0.996202 1.000000
3
0
-0.047539
0.047539
0.705507
0.705507
0.000000
0.000000
0.000000
0.000000
0.000000
0.000000
1.000000
0.532483
-0.532483
-0.465254
-0.465254
0.000000
0.000000
0.000000
1
0.000000
0.000000
0.000000
1.000000
0.000000
0.000000
0.000000
1.000000
1
0.000000
0.000000
1
0.000000
0.000000
0.000000
1.000000
0.000000
0.000000
0.000000
1.000000
1
0.000000
0.000000
1
0.000000
0.000000
0.000000
1.000000
0.000000
0.000000
0.000000
1.000000
1
0.000000
0.000000
1
0.000000
0.000000
0.000000
1.000000
0.000000
0.000000
0.000000
1.000000
1
0.000000
0.000000
1
0.000000
0.000000
0.000000
1.000000
0.000000
0.000000
0.000000
1.000000
1
0.000000
0.000000
0
0
5
0
0
-18.263084 -0.048551 7.408378 1.000000
0.000000 0.000000 0.000000 1.000000
0.000000
3.004580
0.300000
-0.005354
-0.043248
-0.010481
0.998995
0.000000
0.000000
0.000000
-0.120000
0.000000
0
0.000000
0.000000
86.990654 7.702599 -7.479518 1.000000
16.217365 9.999992 -7.702617 1.000000
0.086521 -0.009790 0.996202 1.000000
3
0
0.047539
-0.047539
0.705507
0.705507
0.000000
0.000000
0.000000
0.000000
0.000000
0.000000
1.000000
-0.465254
0.465254
0.532484
0.532484
0.000000
0.000000
0.000000
1
0.000000
0.000000
0.000000
1.000000
0.000000
0.000000
0.000000
1.000000
1
0.000000
0.000000
1
0.000000
0.000000
0.000000
1.000000
0.000000
0.000000
0.000000
1.000000
1
0.000000
0.000000
1
0.000000
0.000000
0.000000
1.000000
0.000000
0.000000
0.000000
1.000000
1
0.000000
0.000000
1
0.000000
0.000000
0.000000
1.000000
0.000000
0.000000
0.000000
1.000000
1
0.000000
0.000000
1
0.000000
0.000000
0.000000
1.000000
0.000000
0.000000
0.000000
1.000000
1
0.000000
0.000000
0
0
5
0
0
0.000000 0.000000 0.000000 1.000000
0.000000 0.000000 0.000000 1.000000
0.000000
106
2.560163
0.300000
-0.178862
0.353745
-0.000383
0.918081
0.000000
0.000000
0.000000
-0.336351
0.228465
0
0.000000
0.000000
34.321514 5.893008 35.326866 1.000000
-52.266327 111.225159 3.335308 1.000000
-0.649396 -0.328690 0.685746 1.000000
0
0
-0.051028
0.001556
-0.030439
0.998232
0.000000
0.000000
0.000000
0.000000
0.000000
0.000000
1.000000
0.770053
-0.161873
0.334483
0.518591
0.000000
0.000000
0.000000
4
0.000000
0.000000
-0.000000
1.000000
0.000000
0.000000
0.000000
1.000000
0.000000
0.000000
-0.029396
0.999568
0.000000
0.000000
0.000000
1.000000
0.000000
0.000000
-0.029396
0.999568
0.000000
0.000000
0.000000
1.000000
0.000000
0.000000
0.000000
1.000000
0.000000
0.000000
0.000000
1.000000
0
0.000000
0.000000
0.000000
0.000000
0.000000
0.233333
0.000000
0.000000
0.233333
0.000000
0.000000
0.000000
4
0.000000
0.000000
-0.000000
1.000000
0.000000
0.000000
0.000000
1.000000
0.000000
0.000000
-0.116402
0.993202
0.000000
0.000000
0.000000
1.000000
0.000000
0.000000
-0.116402
0.993202
0.000000
0.000000
0.000000
1.000000
0.000000
0.000000
0.000000
1.000000
0.000000
0.000000
0.000000
1.000000
0
0.000000
0.000000
0.000000
0.000000
0.000000
0.233333
0.000000
0.000000
0.233333
0.000000
0.000000
0.000000
4
0.000000
0.000000
-0.000000
1.000000
0.000000
0.000000
0.000000
1.000000
0.000000
0.000000
-0.116402
0.993202
0.000000
0.000000
0.000000
1.000000
0.000000
0.000000
-0.116402
0.993202
0.000000
0.000000
0.000000
1.000000
0.000000
0.000000
0.000000
1.000000
0.000000
0.000000
0.000000
1.000000
0
0.000000
0.000000
0.000000
0.000000
0.000000
0.233333
0.000000
0.000000
0.233333
0.000000
0.000000
0.000000
4
-0.000000
0.000000
-0.000000
1.000000
0.000000
0.000000
0.000000
1.000000
0.000000
0.000000
-0.116402
0.993202
0.000000
0.000000
0.000000
1.000000
0.000000
0.000000
-0.116402
0.993202
0.000000
0.000000
0.000000
1.000000
0.000000
0.000000
0.000000
1.000000
0.000000
0.000000
0.000000
1.000000
0
0.000000
-0.000000
0.000000
0.000000
0.000000
0.233333
0.000000
0.000000
0.233333
0.000000
0.000000
0.000000
4
-0.000000
0.000000
-0.000000
1.000000
0.000000
0.000000
0.000000
1.000000
0.000000
0.000000
-0.116402
0.993202
0.000000
0.000000
0.000000
1.000000
0.000000
0.000000
-0.116402
0.993202
0.000000
0.000000
0.000000
1.000000
0.000000
0.000000
0.000000
1.000000
0.000000
0.000000
0.000000
1.000000
0
0.000000
-0.000000
0.000000
0.000000
0.000000
0.233333
0.000000
0.000000
0.233333
0.000000
0.000000
0.000000
0
0
5
0
0
-59.433578 104.009552 7.498905 1.000000
0.000000 0.000000 0.000000 1.000000
0.000000
2.560163
0.300000
-0.178862
0.353745
-0.000383
0.918081
0.000000
0.000000
0.000000
-0.336351
0.228465
0
0.000000
0.000000
34.321514 5.893008 35.326866 1.000000
52.266335 111.225159 3.335165 1.000000
-0.649396 -0.328690 0.685746 1.000000
0
0
-0.051028
0.001556
-0.030439
0.998232
0.000000
0.000000
0.000000
0.000000
0.000000
0.000000
1.000000
0.770053
-0.161873
0.334483
0.518591
0.000000
0.000000
0.000000
4
0.000000
0.000000
-0.000000
1.000000
0.000000
0.000000
0.000000
1.000000
0.000000
0.000000
-0.029396
0.999568
0.000000
0.000000
0.000000
1.000000
0.000000
0.000000
-0.029396
0.999568
0.000000
0.000000
0.000000
1.000000
0.000000
0.000000
0.000000
1.000000
0.000000
0.000000
0.000000
1.000000
0
0.000000
0.000000
0.000000
0.000000
0.000000
0.233333
0.000000
0.000000
0.233333
0.000000
0.000000
0.000000
4
0.000000
0.000000
-0.000000
1.000000
0.000000
0.000000
0.000000
1.000000
0.000000
0.000000
-0.116402
0.993202
0.000000
0.000000
0.000000
1.000000
0.000000
0.000000
-0.116402
0.993202
0.000000
0.000000
0.000000
1.000000
0.000000
0.000000
0.000000
1.000000
0.000000
0.000000
0.000000
1.000000
0
0.000000
0.000000
0.000000
0.000000
0.000000
0.233333
0.000000
0.000000
0.233333
0.000000
0.000000
0.000000
4
0.000000
0.000000
-0.000000
1.000000
0.000000
0.000000
0.000000
1.000000
0.000000
0.000000
-0.116402
0.993202
0.000000
0.000000
0.000000
1.000000
0.000000
0.000000
-0.116402
0.993202
0.000000
0.000000
0.000000
1.000000
0.000000
0.000000
0.000000
1.000000
0.000000
0.000000
0.000000
1.000000
0
0.000000
0.000000
0.000000
0.000000
0.000000
0.233333
0.000000
0.000000
0.233333
0.000000
0.000000
0.000000
4
-0.000000
0.000000
-0.000000
1.000000
0.000000
0.000000
0.000000
1.000000
0.000000
0.000000
-0.116402
0.993202
0.000000
0.000000
0.000000
1.000000
0.000000
0.000000
-0.116402
0.993202
0.000000
0.000000
0.000000
1.000000
0.000000
0.000000
0.000000
1.000000
0.000000
0.000000
0.000000
1.000000
0
0.000000
-0.000000
0.000000
0.000000
0.000000
0.233333
0.000000
0.000000
0.233333
0.000000
0.000000
0.000000
4
-0.000000
0.000000
-0.000000
1.000000
0.000000
0.000000
0.000000
1.000000
0.000000
0.000000
-0.116402
0.993202
0.000000
0.000000
0.000000
1.000000
0.000000
0.000000
-0.116402
0.993202
0.000000
0.000000
0.000000
1.000000
0.000000
0.000000
0.000000
1.000000
0.000000
0.000000
0.000000
1.000000
0
0.000000
-0.000000
0.000000
0.000000
0.000000
0.233333
0.000000
0.000000
0.233333
0.000000
0.000000
0.000000
0
0
5
0
0
0.000000 0.000000 0.000000 1.000000
0.000000 0.000000 0.000000 1.000000
0.000000
107
27
0.500000
0.500000
0.500000
0.500000
0.500000
0.500000
28
6
0
-0.004342
-0.009040
-0.014528
-0.999844
pose1
-0.028972 -0.018203 -0.999414
-0.999540 -0.008421 0.029129
0.000000
0.500000
0.306306
0.285922
-0.628247
0.655539
pose2
0.998840 0.010006 -0.047110
-0.022966 -0.760849 -0.648522
0.000000
0.500000
-0.604889
0.099517
0.672610
-0.414490
pose3
0.437187 0.896206 -0.075384
0.636588 -0.367568 -0.677974
0.000000
0.500000
-0.202303
-0.721503
-0.037610
-0.661130
pose4
0.242194 -0.969231 0.043962
-0.915318 -0.213225 0.341656
0.000000
0.500000
-0.105683
0.335716
0.702526
0.618533
pose5
-0.940030 -0.266812 0.212496
0.009423 0.602436 0.798112
0.000000
0.500000
0.017896
0.466863
-0.884082
0.010833
pose6
0.035866 0.021528 0.999125
0.563844 -0.825878 -0.002445
0.000000
0.500000
29
6
0
0.000000
0.000000
-0.020622
0.999787
pose1
-0.041236 0.000000 -0.999149
0.999149 0.000000 -0.041236
0.000000
0.500000
0.036782
0.019800
0.678470
0.733439
pose2
0.993777 0.078954 -0.078572
0.076650 0.027087 0.996690
0.000000
0.500000
0.183027
0.681963
-0.186833
-0.683024
pose3
0.005588 -0.999984 -0.000040
0.863189 0.004803 0.504858
0.000000
0.500000
0.000000
0.000000
-0.697373
0.716708
pose4
-0.999626 0.000000 -0.027341
0.027341 0.000000 -0.999626
0.000000
0.500000
0.000156
0.008472
0.999794
-0.018419
pose5
-0.036833 0.000000 0.999321
-0.999178 -0.016947 -0.036828
0.000000
0.500000
0.351327
0.624934
0.376430
0.586794
pose6
0.002661 0.997915 0.064484
0.469740 -0.058174 0.880886
0.000000
0.500000
